010001000000000000000000
101001000000000000000000
010110100000000000000000
001010100000000000000000
001100010000000000000000
110000101010000000000000
001101011000000000000000
000010100100000000000000
000001100111000000000000
000000011000110000000000
000001001001001000100000
000000001010100100000000
000000000101010010000000
000000000100100001000000
000000000010000100010000
000000000001001010001100
000000000000100101000110
000000000000010010000001
000000000010000000010000
000000000000001000101000
000000000000000100010100
000000000000000110001010
000000000000000010000101
000000000000000001000010